# name: debug
# type: sparse matrix
# nnz: 4356
# rows: 66
# columns: 66

1 1 22419899.2
2 1 -3824637.31
3 1 3815101.81
4 1 -136380.613
5 1 -1622685.45
6 1 -655052.289
7 1 -879504.779
8 1 -321341.483
9 1 -320731.028
10 1 -49679.267
11 1 85257.4427
12 1 49441.8108
13 1 -987200.417
14 1 -192692.173
15 1 -408298.139
16 1 -40308.0273
17 1 105304.301
18 1 49449.4238
19 1 -1119753.99
20 1 -210912.803
21 1 -456257.958
22 1 -44235.3237
23 1 119358.312
24 1 56423.1758
25 1 -1044370.01
26 1 -169257.754
27 1 -428530.673
28 1 -38791.8461
29 1 110114.026
30 1 50751.4329
31 1 -937364.26
32 1 -163202.695
33 1 -373101.471
34 1 -35188.6861
35 1 102307.76
36 1 46958.5156
37 1 -1078982.7
38 1 87931.0849
39 1 -403281.773
40 1 -6596.43541
41 1 107494.034
42 1 45930.2872
43 1 -1158456.62
44 1 192556.849
45 1 -385762.266
46 1 6328.26059
47 1 116878.64
48 1 50885.1252
49 1 -976325.375
50 1 281370.556
51 1 -273699.99
52 1 21263.2177
53 1 100522.19
54 1 46549.0251
55 1 -1085175.94
56 1 354313.116
57 1 -239370.928
58 1 31464.948
59 1 111287.969
60 1 53050.6869
61 1 -1109316.09
62 1 402898.605
63 1 -180906.681
64 1 40990.5847
65 1 115088.113
66 1 55202.5244
1 2 -3824637.31
2 2 27581312.8
3 2 7716700.48
4 2 2109343.06
5 2 156228.979
6 2 281535.596
7 2 33268.3745
8 2 -1108745.11
9 2 -455216.261
10 2 -127378.306
11 2 789.358998
12 2 -9299.38384
13 2 194641.079
14 2 -1286785.12
15 2 -495833.46
16 2 -154159.321
17 2 -5025.38118
18 2 -47802.0111
19 2 206160.85
20 2 -1425002.02
21 2 -586479.374
22 2 -173384.964
23 2 -4605.01382
24 2 -52216.7429
25 2 205932.913
26 2 -1327022.75
27 2 -531960.831
28 2 -159167.089
29 2 -3865.78158
30 2 -52895.5023
31 2 210666.691
32 2 -1301898.04
33 2 -533918.683
34 2 -161123.85
35 2 -7362.99936
36 2 -51573.0067
37 2 294459.962
38 2 -1291915.42
39 2 -485188.757
40 2 -134974.676
41 2 -11600.1107
42 2 -53299.6595
43 2 296301.262
44 2 -1329496.17
45 2 -482649.049
46 2 -139671.653
47 2 -10668.8401
48 2 -57946.4285
49 2 218445.867
50 2 -1039215.96
51 2 -362558.695
52 2 -108367.666
53 2 -6932.07909
54 2 -47007.8826
55 2 246466.339
56 2 -1140868.72
57 2 -426899.748
58 2 -123144.316
59 2 -9361.02953
60 2 -49610.8482
61 2 243267.556
62 2 -1128703.02
63 2 -431149.49
64 2 -125503.518
65 2 -10982.7851
66 2 -46685.1419
1 3 3815101.81
2 3 7716700.48
3 3 6284090.97
4 3 706722.629
5 3 -139679.232
6 3 -19848.3659
7 3 91218.3631
8 3 -281777.138
9 3 -205546.021
10 3 -36925.6459
11 3 -8821.91734
12 3 -11011.2556
13 3 110847.12
14 3 -395452.766
15 3 -230503.731
16 3 -50432.0526
17 3 -4504.34556
18 3 -20223.7894
19 3 147670.009
20 3 -475131.637
21 3 -270340.818
22 3 -60873.0678
23 3 -8147.76131
24 3 -24282.8663
25 3 133596.696
26 3 -440466.243
27 3 -241757.164
28 3 -55227.2713
29 3 -5917.4387
30 3 -23100.7113
31 3 180369.267
32 3 -434976.115
33 3 -242022.037
34 3 -57131.0312
35 3 -13273.3178
36 3 -24663.1831
37 3 185824.355
38 3 -492132.474
39 3 -236401.581
40 3 -55230.3692
41 3 -14726.0706
42 3 -24218.6802
43 3 170285.451
44 3 -515988.435
45 3 -242303.474
46 3 -58622.7998
47 3 -12910.6593
48 3 -24636.1262
49 3 130989.13
50 3 -396186.955
51 3 -180382.142
52 3 -45760.8488
53 3 -10569.4568
54 3 -18937.7285
55 3 168316.561
56 3 -471266.659
57 3 -230854.424
58 3 -56917.0886
59 3 -14787.751
60 3 -21422.3531
61 3 193612.441
62 3 -492605.374
63 3 -242461.713
64 3 -61435.3553
65 3 -18699.6249
66 3 -21775.8396
1 4 -136380.613
2 4 2109343.06
3 4 706722.629
4 4 252405.188
5 4 34140.48
6 4 31113.1859
7 4 8031.01962
8 4 -118267.263
9 4 -54907.4824
10 4 -14948.9513
11 4 -389.3292
12 4 -1568.92859
13 4 26344.812
14 4 -152326.569
15 4 -63507.1024
16 4 -19976.9147
17 4 -702.035763
18 4 -6867.68538
19 4 30107.3964
20 4 -170571.445
21 4 -74609.4981
22 4 -22391.6602
23 4 -889.951526
24 4 -7584.62806
25 4 28589.8641
26 4 -158059.459
27 4 -67419.3996
28 4 -20639.6967
29 4 -645.738179
30 4 -7595.69138
31 4 32877.6435
32 4 -156845.809
33 4 -68237.6382
34 4 -21030.5216
35 4 -1450.71985
36 4 -7727.93265
37 4 34636.6971
38 4 -133715.732
39 4 -54095.6219
40 4 -15338.6861
41 4 -1856.43341
42 4 -5955.25682
43 4 34343.8738
44 4 -139071.043
45 4 -54481.9484
46 4 -16146.1425
47 4 -1674.37227
48 4 -6534.31298
49 4 25536.2486
50 4 -107680.043
51 4 -40622.5859
52 4 -12486.742
53 4 -1176.08427
54 4 -5247.64547
55 4 30230.5058
56 4 -121203.017
57 4 -49263.2547
58 4 -14538.9285
59 4 -1629.25251
60 4 -5674.76026
61 4 31504.8163
62 4 -122255.176
63 4 -50839.9172
64 4 -15101.4378
65 4 -1990.67932
66 4 -5444.45501
1 5 -1622685.45
2 5 156228.979
3 5 -139679.232
4 5 34140.48
5 5 159260.594
6 5 61082.1353
7 5 89080.7198
8 5 31874.382
9 5 26914.1582
10 5 4667.94272
11 5 -9266.49911
12 5 -5038.3563
13 5 101486.388
14 5 20672.5034
15 5 40333.198
16 5 4243.52927
17 5 -11569.3067
18 5 -5029.10081
19 5 115285.444
20 5 20312.315
21 5 43228.9025
22 5 4306.78099
23 5 -12980.854
24 5 -5734.67627
25 5 105241.108
26 5 17611.9839
27 5 41487.3321
28 5 3975.88397
29 5 -11785.6416
30 5 -5074.91871
31 5 98632.134
32 5 13106.232
33 5 33561.25
34 5 3101.62635
35 5 -11282.6813
36 5 -4826.59558
37 5 99530.44
38 5 -12795.6597
39 5 28052.2341
40 5 -321.611224
41 5 -10736.0256
42 5 -4560.17159
43 5 106837.473
44 5 -23167.3854
45 5 26667.3271
46 5 -1563.04761
47 5 -11696.8329
48 5 -5079.52172
49 5 91874.6867
50 5 -32501.9849
51 5 17863.8684
52 5 -3042.78218
53 5 -10221.0772
54 5 -4789.75431
55 5 103342.024
56 5 -42294.9264
57 5 12284.5834
58 5 -4474.53588
59 5 -11450.4514
60 5 -5502.81158
61 5 107770.953
62 5 -49572.8657
63 5 5685.74903
64 5 -5752.25283
65 5 -12030.5612
66 5 -5855.30578
1 6 -655052.289
2 6 281535.596
3 6 -19848.3659
4 6 31113.1859
5 6 61082.1353
6 6 55481.1396
7 6 42160.8527
8 6 32904.2974
9 6 21644.7265
10 6 4733.02443
11 6 -3849.19021
12 6 -3518.72808
13 6 44098.3586
14 6 13586.6742
15 6 19858.7362
16 6 2466.25088
17 6 -4415.00378
18 6 -3536.57203
19 6 50659.6905
20 6 18340.047
21 6 24084.3857
22 6 3175.71449
23 6 -5097.25591
24 6 -3852.7823
25 6 45721.5623
26 6 12969.3362
27 6 20822.6274
28 6 2395.31402
29 6 -4600.03296
30 6 -3406.59688
31 6 40550.7408
32 6 19255.9021
33 6 21875.9718
34 6 3181.48277
35 6 -4156.52702
36 6 -3193.59472
37 6 34123.8569
38 6 7379.97361
39 6 17145.3203
40 6 1875.90555
41 6 -3515.78271
42 6 -1837.85279
43 6 36650.2714
44 6 -419.181205
45 6 14042.4385
46 6 840.878675
47 6 -3852.07235
48 6 -2038.8649
49 6 29481.98
50 6 -5916.55169
51 6 8558.83064
52 6 -100.850981
53 6 -3180.01432
54 6 -1755.60696
55 6 33368.4108
56 6 -7112.8404
57 6 8351.92975
58 6 -251.729586
59 6 -3565.47665
60 6 -2050.09072
61 6 34571.7316
62 6 -7634.16207
63 6 7081.61214
64 6 -403.439556
65 6 -3753.67598
66 6 -2116.57771
1 7 -879504.779
2 7 33268.3745
3 7 91218.3631
4 7 8031.01962
5 7 89080.7198
6 7 42160.8527
7 7 28303787
8 7 -361615.134
9 7 -211153.461
10 7 -341069.156
11 7 -3730082.75
12 7 -1658851.72
13 7 -2864448.91
14 7 130621.307
15 7 -343416.153
16 7 -2182537.95
17 7 750818.732
18 7 -883770.621
19 7 -3107366.4
20 7 204905.94
21 7 -276521.246
22 7 2448212.71
23 7 473023.309
24 7 1557276.54
25 7 -2737357.9
26 7 72389.7036
27 7 -171785.278
28 7 29245.3669
29 7 462054.632
30 7 170901.588
31 7 -2762485.81
32 7 -45145.0597
33 7 -160230.294
34 7 363.781003
35 7 220836.52
36 7 105600.2
37 7 -2611028.03
38 7 -50074.3168
39 7 -269352.174
40 7 -25916.2231
41 7 317955.128
42 7 131051.663
43 7 -2593342.95
44 7 -81963.0687
45 7 -258336.117
46 7 -33734.8118
47 7 318768.572
48 7 138645.464
49 7 -2225332.81
50 7 -29998.8859
51 7 -232045.018
52 7 -22585.9067
53 7 271862.815
54 7 120432.857
55 7 -2831139.31
56 7 -17263.46
57 7 -294689.884
58 7 -21065.0362
59 7 336556.23
60 7 153762.862
61 7 -3237043.46
62 7 -34518.9252
63 7 -327569.312
64 7 -26422.6131
65 7 382540.147
66 7 176071.992
1 8 -321341.483
2 8 -1108745.11
3 8 -281777.138
4 8 -118267.263
5 8 31874.382
6 8 32904.2974
7 8 -361615.134
8 8 24300022.3
9 8 7542537.12
10 8 4775576.75
11 8 110510.929
12 8 808683.919
13 8 252083.696
14 8 -2681871.27
15 8 -779643.419
16 8 -275198.228
17 8 -32416.4562
18 8 9538.69001
19 8 228940.194
20 8 -2853439.92
21 8 -800490.137
22 8 -1770159.41
