# name: debug
# type: sparse matrix
# nnz: 4356
# rows: 66
# columns: 66

1 1 22419899.2
2 1 -3824637.31
3 1 3815101.81
4 1 -136380.613
5 1 -1622685.45
6 1 -655052.289
7 1 -879504.779
8 1 -321341.483
9 1 -320731.028
10 1 -49679.267
11 1 85257.4427
12 1 49441.8108
13 1 -987200.417
14 1 -192692.173
15 1 -408298.139
16 1 -40308.0273
17 1 105304.301
18 1 49449.4238
19 1 -1119753.99
20 1 -210912.803
21 1 -456257.958
22 1 -44235.3237
23 1 119358.312
24 1 56423.1758
25 1 -1044370.01
26 1 -169257.754
27 1 -428530.673
28 1 -38791.8461
29 1 110114.026
30 1 50751.4329
31 1 -937364.26
32 1 -163202.695
33 1 -373101.471
34 1 -35188.6861
35 1 102307.76
36 1 46958.5156
37 1 -1078982.7
38 1 87931.0849
39 1 -403281.773
40 1 -6596.43541
41 1 107494.034
42 1 45930.2872
43 1 -1158456.62
44 1 192556.849
45 1 -385762.266
46 1 6328.26059
47 1 116878.64
48 1 50885.1252
49 1 -976325.375
50 1 281370.556
51 1 -273699.99
52 1 21263.2177
53 1 100522.19
54 1 46549.0251
55 1 -1085175.94
56 1 354313.116
57 1 -239370.928
58 1 31464.948
59 1 111287.969
60 1 53050.6869
61 1 -1109316.09
62 1 402898.605
63 1 -180906.681
64 1 40990.5847
65 1 115088.113
66 1 55202.5244
1 2 -3824637.31
2 2 27581312.8
3 2 7716700.48
4 2 2109343.06
5 2 156228.979
6 2 281535.596
7 2 33268.3745
8 2 -1108745.11
9 2 -455216.261
10 2 -127378.306
11 2 789.358998
12 2 -9299.38384
13 2 194641.079
14 2 -1286785.12
15 2 -495833.46
16 2 -154159.321
17 2 -5025.38118
18 2 -47802.0111
19 2 206160.85
20 2 -1425002.02
21 2 -586479.374
22 2 -173384.964
23 2 -4605.01382
24 2 -52216.7429
25 2 205932.913
26 2 -1327022.75
27 2 -531960.831
28 2 -159167.089
29 2 -3865.78158
30 2 -52895.5023
31 2 210666.691
32 2 -1301898.04
33 2 -533918.683
34 2 -161123.85
35 2 -7362.99936
36 2 -51573.0067
37 2 294459.962
38 2 -1291915.42
39 2 -485188.757
40 2 -134974.676
41 2 -11600.1107
42 2 -53299.6595
43 2 296301.262
44 2 -1329496.17
45 2 -482649.049
46 2 -139671.653
47 2 -10668.8401
48 2 -57946.4285
49 2 218445.867
50 2 -1039215.96
51 2 -362558.695
52 2 -108367.666
53 2 -6932.07909
54 2 -47007.8826
55 2 246466.339
56 2 -1140868.72
57 2 -426899.748
58 2 -123144.316
59 2 -9361.02953
60 2 -49610.8482
61 2 243267.556
62 2 -1128703.02
63 2 -431149.49
64 2 -125503.518
65 2 -10982.7851
66 2 -46685.1419
1 3 3815101.81
2 3 7716700.48
3 3 6284090.97
4 3 706722.629
5 3 -139679.232
6 3 -19848.3659
7 3 91218.3631
8 3 -281777.138
9 3 -205546.021
10 3 -36925.6459
11 3 -8821.91734
12 3 -11011.2556
13 3 110847.12
14 3 -395452.766
15 3 -230503.731
16 3 -50432.0526
17 3 -4504.34556
18 3 -20223.7894
19 3 147670.009
20 3 -475131.637
21 3 -270340.818
22 3 -60873.0678
23 3 -8147.76131
24 3 -24282.8663
25 3 133596.696
26 3 -440466.243
27 3 -241757.164
28 3 -55227.2713
29 3 -5917.4387
30 3 -23100.7113
31 3 180369.267
32 3 -434976.115
33 3 -242022.037
34 3 -57131.0312
35 3 -13273.3178
36 3 -24663.1831
37 3 185824.355
38 3 -492132.474
39 3 -236401.581
40 3 -55230.3692
41 3 -14726.0706
42 3 -24218.6802
43 3 170285.451
44 3 -515988.435
45 3 -242303.474
46 3 -58622.7998
47 3 -12910.6593
48 3 -24636.1262
49 3 130989.13
50 3 -396186.955
51 3 -180382.142
52 3 -45760.8488
53 3 -10569.4568
54 3 -18937.7285
55 3 168316.561
56 3 -471266.659
57 3 -230854.424
58 3 -56917.0886
59 3 -14787.751
60 3 -21422.3531
61 3 193612.441
62 3 -492605.374
63 3 -242461.713
64 3 -61435.3553
65 3 -18699.6249
66 3 -21775.8396
1 4 -136380.613
2 4 2109343.06
3 4 706722.629
4 4 252405.188
5 4 34140.48
6 4 31113.1859
7 4 8031.01962
8 4 -118267.263
9 4 -54907.4824
10 4 -14948.9513
11 4 -389.3292
12 4 -1568.92859
13 4 26344.812
14 4 -152326.569
15 4 -63507.1024
16 4 -19976.9147
17 4 -702.035763
18 4 -6867.68538
19 4 30107.3964
20 4 -170571.445
21 4 -74609.4981
22 4 -22391.6602
23 4 -889.951526
24 4 -7584.62806
25 4 28589.8641
26 4 -158059.459
27 4 -67419.3996
28 4 -20639.6967
29 4 -645.738179
30 4 -7595.69138
31 4 32877.6435
32 4 -156845.809
33 4 -68237.6382
34 4 -21030.5216
35 4 -1450.71985
36 4 -7727.93265
37 4 34636.6971
38 4 -133715.732
39 4 -54095.6219
40 4 -15338.6861
41 4 -1856.43341
42 4 -5955.25682
43 4 34343.8738
44 4 -139071.043
45 4 -54481.9484
46 4 -16146.1425
47 4 -1674.37227
48 4 -6534.31298
49 4 25536.2486
50 4 -107680.043
51 4 -40622.5859
52 4 -12486.742
53 4 -1176.08427
54 4 -5247.64547
55 4 30230.5058
56 4 -121203.017
57 4 -49263.2547
58 4 -14538.9285
59 4 -1629.25251
60 4 -5674.76026
61 4 31504.8163
62 4 -122255.176
63 4 -50839.9172
64 4 -15101.4378
65 4 -1990.67932
66 4 -5444.45501
1 5 -1622685.45
2 5 156228.979
3 5 -139679.232
4 5 34140.48
5 5 159260.594
6 5 61082.1353
7 5 89080.7198
8 5 31874.382
9 5 26914.1582
10 5 4667.94272
11 5 -9266.49911
12 5 -5038.3563
13 5 101486.388
14 5 20672.5034
15 5 40333.198
16 5 4243.52927
17 5 -11569.3067
18 5 -5029.10081
19 5 115285.444
20 5 20312.315
21 5 43228.9025
22 5 4306.78099
23 5 -12980.854
24 5 -5734.67627
25 5 105241.108
26 5 17611.9839
27 5 41487.3321
28 5 3975.88397
29 5 -11785.6416
30 5 -5074.91871
31 5 98632.134
32 5 13106.232
33 5 33561.25
34 5 3101.62635
35 5 -11282.6813
36 5 -4826.59558
37 5 99530.44
38 5 -12795.6597
39 5 28052.2341
40 5 -321.611224
41 5 -10736.0256
42 5 -4560.17159
43 5 106837.473
44 5 -23167.3854
45 5 26667.3271
46 5 -1563.04761
47 5 -11696.8329
48 5 -5079.52172
49 5 91874.6867
50 5 -32501.9849
51 5 17863.8684
52 5 -3042.78218
53 5 -10221.0772
54 5 -4789.75431
55 5 103342.024
56 5 -42294.9264
57 5 12284.5834
58 5 -4474.53588
59 5 -11450.4514
60 5 -5502.81158
61 5 107770.953
62 5 -49572.8657
63 5 5685.74903
64 5 -5752.25283
65 5 -12030.5612
66 5 -5855.30578
1 6 -655052.289
2 6 281535.596
3 6 -19848.3659
4 6 31113.1859
5 6 61082.1353
6 6 55481.1396
7 6 42160.8527
8 6 32904.2974
9 6 21644.7265
10 6 4733.02443
11 6 -3849.19021
12 6 -3518.72808
13 6 44098.3586
14 6 13586.6742
15 6 19858.7362
16 6 2466.25088
17 6 -4415.00378
18 6 -3536.57203
19 6 50659.6905
20 6 18340.047
21 6 24084.3857
22 6 3175.71449
23 6 -5097.25591
24 6 -3852.7823
25 6 45721.5623
26 6 12969.3362
27 6 20822.6274
28 6 2395.31402
29 6 -4600.03296
30 6 -3406.59688
31 6 40550.7408
32 6 19255.9021
33 6 21875.9718
34 6 3181.48277
35 6 -4156.52702
36 6 -3193.59472
37 6 34123.8569
38 6 7379.97361
39 6 17145.3203
40 6 1875.90555
41 6 -3515.78271
42 6 -1837.85279
43 6 36650.2714
44 6 -419.181205
45 6 14042.4385
46 6 840.878675
47 6 -3852.07235
48 6 -2038.8649
49 6 29481.98
50 6 -5916.55169
51 6 8558.83064
52 6 -100.850981
53 6 -3180.01432
54 6 -1755.60696
55 6 33368.4108
56 6 -7112.8404
57 6 8351.92975
58 6 -251.729586
59 6 -3565.47665
60 6 -2050.09072
61 6 34571.7316
62 6 -7634.16207
63 6 7081.61214
64 6 -403.439556
65 6 -3753.67598
66 6 -2116.57771
1 7 -879504.779
2 7 33268.3745
3 7 91218.3631
4 7 8031.01962
5 7 89080.7198
6 7 42160.8527
7 7 28303787
8 7 -361615.134
9 7 -211153.461
10 7 -341069.156
11 7 -3730082.75
12 7 -1658851.72
13 7 -2864448.91
14 7 130621.307
15 7 -343416.153
16 7 -2182537.95
17 7 750818.732
18 7 -883770.621
19 7 -3107366.4
20 7 204905.94
21 7 -276521.246
22 7 2448212.71
23 7 473023.309
24 7 1557276.54
25 7 -2737357.9
26 7 72389.7036
27 7 -171785.278
28 7 29245.3669
29 7 462054.632
30 7 170901.588
31 7 -2762485.81
32 7 -45145.0597
33 7 -160230.294
34 7 363.781003
35 7 220836.52
36 7 105600.2
37 7 -2611028.03
38 7 -50074.3168
39 7 -269352.174
40 7 -25916.2231
41 7 317955.128
42 7 131051.663
43 7 -2593342.95
44 7 -81963.0687
45 7 -258336.117
46 7 -33734.8118
47 7 318768.572
48 7 138645.464
49 7 -2225332.81
50 7 -29998.8859
51 7 -232045.018
52 7 -22585.9067
53 7 271862.815
54 7 120432.857
55 7 -2831139.31
56 7 -17263.46
57 7 -294689.884
58 7 -21065.0362
59 7 336556.23
60 7 153762.862
61 7 -3237043.46
62 7 -34518.9252
63 7 -327569.312
64 7 -26422.6131
65 7 382540.147
66 7 176071.992
1 8 -321341.483
2 8 -1108745.11
3 8 -281777.138
4 8 -118267.263
5 8 31874.382
6 8 32904.2974
7 8 -361615.134
8 8 24300022.3
9 8 7542537.12
10 8 4775576.75
11 8 110510.929
12 8 808683.919
13 8 252083.696
14 8 -2681871.27
15 8 -779643.419
16 8 -275198.228
17 8 -32416.4562
18 8 9538.69001
19 8 228940.194
20 8 -2853439.92
21 8 -800490.137
22 8 -1770159.41
23 8 -142168.584
24 8 -845953.332
25 8 86326.4727
26 8 -2502479.68
27 8 -728337.472
28 8 -696062.012
29 8 -13494.8715
30 8 -192777.437
31 8 23210.1337
32 8 -2444108.97
33 8 -781112.833
34 8 -455899.28
35 8 39369.5544
36 8 -59803.1559
37 8 52600.6117
38 8 -2024304.67
39 8 -699377.628
40 8 -269460.358
41 8 9475.23725
42 8 -28259.7314
43 8 18264.1298
44 8 -1901398.66
45 8 -679294.035
46 8 -249358.349
47 8 18149.1705
48 8 -31679.5999
49 8 2841.77093
50 8 -1566325.1
51 8 -551966.45
52 8 -202609.152
53 8 16611.5695
54 8 -30317.2701
55 8 36198.177
56 8 -1961821.59
57 8 -726220.991
58 8 -254403.558
59 8 11580.4091
60 8 -36733.7476
61 8 62133.6573
62 8 -2155460.42
63 8 -822664.243
64 8 -279980.385
65 8 11226.7737
66 8 -41618.0768
1 9 -320731.028
2 9 -455216.261
3 9 -205546.021
4 9 -54907.4824
5 9 26914.1582
6 9 21644.7265
7 9 -211153.461
8 9 7542537.12
9 9 5030622.77
10 9 1585583.09
11 9 -847.251958
12 9 230558.227
13 9 -56333.2903
14 9 -853277.133
15 9 -577520.046
16 9 -1043403.8
17 9 164075.443
18 9 -441455.524
19 9 45917.0465
20 9 -843604.027
21 9 -595994.643
22 9 367357.45
23 9 -52798.947
24 9 249955.736
25 9 120801.496
26 9 -760309.853
27 9 -482599.97
28 9 -217298.252
29 9 15072.2976
30 9 -60239.9655
31 9 239815.749
32 9 -766382.977
33 9 -451373.975
34 9 -139944.713
35 9 -71385.9133
36 9 -43155.7392
37 9 249597.539
38 9 -649801.682
39 9 -376858.051
40 9 -89289.5954
41 9 -29370.7286
42 9 -20724.494
43 9 214134.031
44 9 -639272.242
45 9 -386571.296
46 9 -88226.1083
47 9 -25051.8109
48 9 -20540.4759
49 9 159423.989
50 9 -493515.824
51 9 -311130.106
52 9 -68748.102
53 9 -17287.5116
54 9 -17202.2008
55 9 171806.474
56 9 -641811.795
57 9 -395626.553
58 9 -90256.7314
59 9 -16493.6067
60 9 -20288.1757
61 9 176609.456
62 9 -740732.435
63 9 -446759.612
64 9 -103704.853
65 9 -16702.1426
66 9 -22043.1366
1 10 -49679.267
2 10 -127378.306
3 10 -36925.6459
4 10 -14948.9513
5 10 4667.94272
6 10 4733.02443
7 10 -341069.156
8 10 4775576.75
9 10 1585583.09
10 10 10329723.9
11 10 607986.343
12 10 4621152.18
13 10 21998.3171
14 10 -425251.81
15 10 -136070.631
16 10 -2053290.04
17 10 336774.669
18 10 -938468.472
19 10 41367.8723
20 10 -558869.342
21 10 -152068.514
22 10 -6105969.53
23 10 -954594.636
24 10 -3816911.19
25 10 35072.9626
26 10 -533752.522
27 10 -142222.931
28 10 -1193139.38
29 10 11037.3311
30 10 -633120.111
31 10 11065.8293
32 10 -376895.245
33 10 -117767.017
34 10 -328496.407
35 10 57895.9587
36 10 -148920.27
37 10 11213.0751
38 10 -252831.304
39 10 -89948.4022
40 10 -35837.8049
41 10 2048.71571
42 10 -3890.08188
43 10 3312.51894
44 10 -232795.699
45 10 -87465.7208
46 10 -31620.6155
47 10 4876.61378
48 10 -5205.98632
49 10 1551.70346
50 10 -186853.959
51 10 -70275.1802
52 10 -25191.5487
53 10 3416.42604
54 10 -4620.14559
55 10 8615.42318
56 10 -233675.266
57 10 -92589.59
58 10 -31668.9826
59 10 1464.21214
60 10 -5118.40964
61 10 10534.9956
62 10 -255967.233
63 10 -104456.643
64 10 -34492.7733
65 10 1621.566
66 10 -5754.25726
1 11 85257.4427
2 11 789.358998
3 11 -8821.91734
4 11 -389.3292
5 11 -9266.49911
6 11 -3849.19021
7 11 -3730082.75
8 11 110510.929
9 11 -847.251958
10 11 607986.343
11 11 2851953.58
12 11 1467127.5
13 11 361476.918
14 11 448608.894
15 11 217409.197
16 11 16020481.3
17 11 -2797699.03
18 11 7553427.67
19 11 497331.91
20 11 -31516.0678
21 11 60030.1104
22 11 -16461870.5
23 11 348292.217
24 11 -9212436.64
25 11 418263.796
26 11 -11418.712
27 11 41908.169
28 11 47709.0422
29 11 -283227.866
30 11 -46874.4516
31 11 294474.14
32 11 1993.11285
33 11 -14146.4571
34 11 3062.45006
35 11 263807.88
36 11 71355.0103
37 11 301127.712
38 11 6513.68179
39 11 22388.9942
40 11 4254.15819
41 11 -40736.6815
42 11 -14452.719
43 11 297278.256
44 11 15078.8898
45 11 21059.1266
46 11 7221.11242
47 11 -40811.4092
48 11 -15901.2935
49 11 251897.761
50 11 8276.21605
51 11 20511.9808
52 11 4520.91228
53 11 -33591.6799
54 11 -13803.479
55 11 312771.12
56 11 4718.23876
57 11 28023.7961
58 11 3035.19412
59 11 -39262.0958
60 11 -16979.5163
61 11 353107.956
62 11 8553.75776
63 11 31072.9889
64 11 3955.7597
65 11 -43789.2902
66 11 -19262.9738
1 12 49441.8108
2 12 -9299.38384
3 12 -11011.2556
4 12 -1568.92859
5 12 -5038.3563
6 12 -3518.72808
7 12 -1658851.72
8 12 808683.919
9 12 230558.227
10 12 4621152.18
11 12 1467127.5
12 12 2742161.32
13 12 145786.07
14 12 175339.053
15 12 87507.5634
16 12 6354922.48
17 12 -1102150.18
18 12 2986453.55
19 12 192778.866
20 12 -62450.393
21 12 11401.3209
22 12 -10083226.2
23 12 -212707.414
24 12 -5840535.11
25 12 156924.205
26 12 -49514.0099
27 12 5706.50592
28 12 -469558.507
29 12 -81592.5508
30 12 -301996.553
31 12 109839.783
32 12 19167.2118
33 12 2616.24793
34 12 -109292.849
35 12 120141.12
36 12 -45373.1299
37 12 117356.691
38 12 17454.0538
39 12 17051.2563
40 12 3752.15997
41 12 -13942.2742
42 12 -8327.35004
43 12 124340.041
44 12 10050.1003
45 12 14981.4659
46 12 1909.23052
47 12 -15576.8394
48 12 -8578.80445
49 12 102380.673
50 12 2547.40304
51 12 11144.8019
52 12 828.686017
53 12 -12695.5143
54 12 -7350.99725
55 12 128820.418
56 12 1239.17165
57 12 13592.1724
58 12 933.412062
59 12 -15244.5313
60 12 -9345.2839
61 12 148317.788
62 12 -574.064438
63 12 14533.0816
64 12 668.493109
65 12 -17519.2628
66 12 -10238.6707
1 13 -987200.417
2 13 194641.079
3 13 110847.12
4 13 26344.812
5 13 101486.388
6 13 44098.3586
7 13 -2864448.91
8 13 252083.696
9 13 -56333.2903
10 13 21998.3171
11 13 361476.918
12 13 145786.07
13 13 30906260.7
14 13 -2067103.19
15 13 1313266.33
16 13 -1017485.12
17 13 -8872767.11
18 13 -4039836.94
19 13 -3418293.11
20 13 490771.363
21 13 -310297.04
22 13 957258.74
23 13 5498489.03
24 13 2737025.23
25 13 -3289557.02
26 13 447384.674
27 13 -260499.936
28 13 31205.5196
29 13 474834.354
30 13 165861.505
31 13 -3204025.33
32 13 341022.369
33 13 -275299.049
34 13 23378.7186
35 13 428435.143
36 13 178155.718
37 13 -2831428.54
38 13 124072.431
39 13 -252204.308
40 13 -6231.83392
41 13 358145.48
42 13 146733.357
43 13 -3139267.09
44 13 100453.467
45 13 -250490.444
46 13 -10993.3035
47 13 391046.259
48 13 172813.339
49 13 -2996383.9
50 13 92979.828
51 13 -239150.162
52 13 -18317.2215
53 13 374718.6
54 13 171755.145
55 13 -2911488.57
56 13 116661.293
57 13 -226102.698
58 13 -4066.04489
59 13 356638.356
60 13 166752.522
61 13 -3638180.36
62 13 70755.1473
63 13 -222061.186
64 13 -11857.641
65 13 443824.792
66 13 207358.389
1 14 -192692.173
2 14 -1286785.12
3 14 -395452.766
4 14 -152326.569
5 14 20672.5034
6 14 13586.6742
7 14 130621.307
8 14 -2681871.27
9 14 -853277.133
10 14 -425251.81
11 14 448608.894
12 14 175339.053
13 14 -2067103.19
14 14 26319174.8
15 14 8045191.98
16 14 7726619.85
17 14 1260827.07
18 14 3022258.22
19 14 444607.773
20 14 -3340548.76
21 14 -911538.491
22 14 -4603175.15
23 14 -1622030.16
24 14 -3026854
25 14 389709.803
26 14 -3074170.19
27 14 -859763.159
28 14 -477591.462
29 14 -26280.271
30 14 -33049.8505
31 14 341895.141
32 14 -2957552.98
33 14 -887539.247
34 14 -426893.199
35 14 -27661.1014
36 14 -48106.7169
37 14 174619.829
38 14 -2282114.54
39 14 -764485.411
40 14 -315813.824
41 14 -1505.55987
42 14 -35754.1003
43 14 165289.663
44 14 -2379328.55
45 14 -850240.825
46 14 -326158.77
47 14 1937.69772
48 14 -41689.8972
49 14 94150.0038
50 14 -2145421.67
51 14 -778732.345
52 14 -283816.859
53 14 19206.6163
54 14 -48692.0294
55 14 119234.865
56 14 -2127186.61
57 14 -750939.103
58 14 -280809.739
59 14 4822.90709
60 14 -46046.2915
61 14 110484.343
62 14 -2532485.93
63 14 -935348.335
64 14 -336157.626
65 14 8990.46035
66 14 -46595.5162
1 15 -408298.139
2 15 -495833.46
3 15 -230503.731
4 15 -63507.1024
5 15 40333.198
6 15 19858.7362
7 15 -343416.153
8 15 -779643.419
9 15 -577520.046
10 15 -136070.631
11 15 217409.197
12 15 87507.5634
13 15 1313266.33
14 15 8045191.98
15 15 5622357.72
16 15 2297554.6
17 15 -2329278.06
18 15 -243341.954
19 15 -265792.626
20 15 -901183.525
21 15 -755912.694
22 15 -1282805.86
23 15 2077458.61
24 15 179676.96
25 15 -201442.048
26 15 -851682.354
27 15 -686194.7
28 15 -118218.819
29 15 10630.0991
30 15 970.86103
31 15 -92875.4639
32 15 -852312.455
33 15 -645934.093
34 15 -127801.739
35 15 11959.6072
36 15 -4323.11772
37 15 59743.6217
38 15 -700274.273
39 15 -466367.18
40 15 -98606.2009
41 15 -10119.3714
42 15 -12980.0445
43 15 49554.5992
44 15 -791708.809
45 15 -525841.171
46 15 -113736.737
47 15 -5866.51519
48 15 -13597.0059
49 15 23014.8991
50 15 -683168.579
51 15 -473882.23
52 15 -96873.2191
53 15 -3685.62825
54 15 -13141.9087
55 15 -5772.15684
56 15 -644269.879
57 15 -464959.222
58 15 -95413.386
59 15 3878.10402
60 15 -11343.7177
61 15 11719.92
62 15 -817291.469
63 15 -570954.135
64 15 -119719.602
65 15 -852.874614
66 15 -13518.7869
1 16 -40308.0273
2 16 -154159.321
3 16 -50432.0526
4 16 -19976.9147
5 16 4243.52927
6 16 2466.25088
7 16 -2182537.95
8 16 -275198.228
9 16 -1043403.8
10 16 -2053290.04
11 16 16020481.3
12 16 6354922.48
13 16 -1017485.12
14 16 7726619.85
15 16 2297554.6
16 16 139408374
17 16 8110341.98
18 16 78418727.5
19 16 35853.425
20 16 -540647.31
21 16 -140907.957
22 16 -135467710
23 16 -22676211.5
24 16 -86485779.9
25 16 25921.2976
26 16 -475094.181
27 16 -118428.503
28 16 -108092.344
29 16 3115.29773
30 16 8883.36317
31 16 32946.0073
32 16 -419649.546
33 16 -129721.689
34 16 -75103.7877
35 16 -2669.03756
36 16 -1359.87431
37 16 15717.133
38 16 -299620.235
39 16 -100721.203
40 16 -47377.208
41 16 2373.90571
42 16 -2744.13374
43 16 12944.7359
44 16 -307054.191
45 16 -113437.298
46 16 -45713.1463
47 16 3131.5784
48 16 -4702.11146
49 16 -1717.05436
50 16 -262683.602
51 16 -99677.8672
52 16 -36868.813
53 16 8933.73967
54 16 -7156.16763
55 16 8356.76004
56 16 -259707.211
57 16 -100080.938
58 16 -36495.9522
59 16 2066.92731
60 16 -5668.9107
61 16 6163.30824
62 16 -308768.643
63 16 -123354.274
64 16 -43097.4582
65 16 2885.17251
66 16 -5835.99726
1 17 105304.301
2 17 -5025.38118
3 17 -4504.34556
4 17 -702.035763
5 17 -11569.3067
6 17 -4415.00378
7 17 750818.732
8 17 -32416.4562
9 17 164075.443
10 17 336774.669
11 17 -2797699.03
12 17 -1102150.18
13 17 -8872767.11
14 17 1260827.07
15 17 -2329278.06
16 17 8110341.98
17 17 185267009
18 17 79073006.5
19 17 538233.004
20 17 -45671.0533
21 17 38484.5626
22 17 -9043559.24
23 17 -181633405
24 17 -78701151.8
25 17 471871.149
26 17 -37498.8888
27 17 16588.2295
28 17 1040.81446
29 17 -108631.388
30 17 -14776.7636
31 17 421381.79
32 17 -34158.8686
33 17 30377.8901
34 17 -2754.71557
35 17 -71229.5012
36 17 -19459.9089
37 17 341834.431
38 17 -5881.41753
39 17 20054.8971
40 17 3296.86536
41 17 -52188.3038
42 17 -15719.0433
43 17 369560.483
44 17 -793.266078
45 17 22118.8233
46 17 4356.98953
47 17 -52575.8407
48 17 -19079.9043
49 17 350536.472
50 17 6904.70444
51 17 18539.7153
52 17 8956.71621
53 17 -52221.2022
54 17 -20544.0997
55 17 335778.286
56 17 -2834.02909
57 17 23360.8209
58 17 2325.08461
59 17 -44518.1597
60 17 -18944.8207
61 17 415702.021
62 17 5548.28621
63 17 19697.6363
64 17 3833.5095
65 17 -54586.3019
66 17 -23492.0533
1 18 49449.4238
2 18 -47802.0111
3 18 -20223.7894
4 18 -6867.68538
5 18 -5029.10081
6 18 -3536.57203
7 18 -883770.621
8 18 9538.69001
9 18 -441455.524
10 18 -938468.472
11 18 7553427.67
12 18 2986453.55
13 18 -4039836.94
14 18 3022258.22
15 18 -243341.954
16 18 78418727.5
17 18 79073006.5
18 18 74452265.5
19 18 202211.153
20 18 -60261.2744
21 18 8421.08278
22 18 -76915410.4
23 18 -85546049.5
24 18 -78611047.2
25 18 162978.595
26 18 -27507.3849
27 18 5708.86549
28 18 10304.8253
29 18 -14819.5011
30 18 -23365.7562
31 18 167639.389
32 18 -28776.2331
33 18 9596.26756
34 18 2426.32112
35 18 -18457.0428
36 18 -19653.5285
37 18 129277.757
38 18 -6372.04095
39 18 9663.30626
40 18 2113.2931
41 18 -14640.6728
42 18 -11304.5932
43 18 152484.001
44 18 -12843.4059
45 18 8957.38866
46 18 8.79333059
47 18 -17878.2055
48 18 -12761.4366
49 18 142726.911
50 18 -21477.6528
51 18 5957.89044
52 18 -2425.1641
53 18 -17854.8227
54 18 -11038.1088
55 18 137320.587
56 18 -23497.8946
57 18 4128.91421
58 18 -2396.24678
59 18 -16285.1911
60 18 -11867.3938
61 18 172191.97
62 18 -22305.4816
63 18 3317.91366
64 18 -2407.72859
65 18 -20514.3875
66 18 -13776.2671
1 19 -1119753.99
2 19 206160.85
3 19 147670.009
4 19 30107.3964
5 19 115285.444
6 19 50659.6905
7 19 -3107366.4
8 19 228940.194
9 19 45917.0465
10 19 41367.8723
11 19 497331.91
12 19 192778.866
13 19 -3418293.11
14 19 444607.773
15 19 -265792.626
16 19 35853.425
17 19 538233.004
18 19 202211.153
19 19 29620060.4
20 19 -2218886.86
21 19 1529216.98
22 19 -269887.641
23 19 -4600268.52
24 19 -1870938.93
25 19 -3940162.14
26 19 613987.897
27 19 -384804.521
28 19 152281.493
29 19 1213711.3
30 19 486310.581
31 19 -3358572.55
32 19 372782.302
33 19 -299083.298
34 19 41318.5399
35 19 520258.379
36 19 214932.561
37 19 -2711882.89
38 19 52597.7561
39 19 -180519.815
40 19 -9158.74533
41 19 335842.784
42 19 150941.941
43 19 -2955660.95
44 19 -26550.3845
45 19 -116918.295
46 19 -22772.3818
47 19 378027.043
48 19 170747.194
49 19 -2181052.48
50 19 67986.7891
51 19 -162879.81
52 19 -10027.536
53 19 270552.776
54 19 126139.365
55 19 -2622360.76
56 19 113425.759
57 19 -224460.044
58 19 -2019.55095
59 19 314793.19
60 19 150179.739
61 19 -3019100.12
62 19 65313.4238
63 19 -210345.663
64 19 -7040.06855
65 19 361919.922
66 19 165856.525
1 20 -210912.803
2 20 -1425002.02
3 20 -475131.637
4 20 -170571.445
5 20 20312.315
6 20 18340.047
7 20 204905.94
8 20 -2853439.92
9 20 -843604.027
10 20 -558869.342
11 20 -31516.0678
12 20 -62450.393
13 20 490771.363
14 20 -3340548.76
15 20 -901183.525
16 20 -540647.31
17 20 -45671.0533
18 20 -60261.2744
19 20 -2218886.86
20 20 26135336.9
21 20 7800481.33
22 20 4536852.68
23 20 256016.33
24 20 903029.623
25 20 593794.01
26 20 -3887210.98
27 20 -1000303.95
28 20 -1286193.37
29 20 -156361.89
30 20 -496758.366
31 20 416570.588
32 20 -3265108.61
33 20 -920002.12
34 20 -591569.399
35 20 -48926.1746
36 20 -135758.437
37 20 143543.213
38 20 -2195089.08
39 20 -764501.278
40 20 -297052.572
41 20 -3890.99146
42 20 -23277.2713
43 20 73692.9673
44 20 -2263914.74
45 20 -789559.024
46 20 -308851.052
47 20 10726.7644
48 20 -16012.1272
49 20 102664.747
50 20 -1611740.38
51 20 -555655.926
52 20 -208360.825
53 20 7023.24863
54 20 -32464.6672
55 20 159115.144
56 20 -1944520.66
57 20 -679684.735
58 20 -250471.163
59 20 -2874.88711
60 20 -41661.2822
61 20 146113.193
62 20 -2172756.11
63 20 -762896.746
64 20 -279908.547
65 20 -1164.00989
66 20 -39257.9974
1 21 -456257.958
2 21 -586479.374
3 21 -270340.818
4 21 -74609.4981
5 21 43228.9025
6 21 24084.3857
7 21 -276521.246
8 21 -800490.137
9 21 -595994.643
10 21 -152068.514
11 21 60030.1104
12 21 11401.3209
13 21 -310297.04
14 21 -911538.491
15 21 -755912.694
16 21 -140907.957
17 21 38484.5626
18 21 8421.08278
19 21 1529216.98
20 21 7800481.33
21 21 5872278.3
22 21 1346165.09
23 21 -528715.441
24 21 13870.5359
25 21 -364711.012
26 21 -1002019.63
27 21 -910700.688
28 21 -325356.458
29 21 357435.45
30 21 10731.7193
31 21 -148219.235
32 21 -894786.895
33 21 -735525.786
34 21 -162371.781
35 21 51197.6577
36 21 -11444.2879
37 21 88395.1123
38 21 -702613.151
39 21 -486107.637
40 21 -102192.396
41 21 -14148.0786
42 21 -11711.9735
43 21 120191.995
44 21 -738059.621
45 21 -542337.817
46 21 -107675.489
47 21 -23034.6269
48 21 -12631.3184
49 21 7109.0844
50 21 -493465.479
51 21 -380029.933
52 21 -72070.3389
53 21 -3195.88788
54 21 -9462.3983
55 21 -48616.1287
56 21 -591479.836
57 21 -442452.928
58 21 -87990.403
59 21 6899.06819
60 21 -9036.89221
61 21 -41069.366
62 21 -676233.629
63 21 -478952.474
64 21 -98386.2469
65 21 3671.56784
66 21 -9743.10796
1 22 -44235.3237
2 22 -173384.964
3 22 -60873.0678
4 22 -22391.6602
5 22 4306.78099
6 22 3175.71449
7 22 2448212.71
8 22 -1770159.41
9 22 367357.45
10 22 -6105969.53
11 22 -16461870.5
12 22 -10083226.2
13 22 957258.74
14 22 -4603175.15
15 22 -1282805.86
16 22 -135467710
17 22 -9043559.24
18 22 -76915410.4
19 22 -269887.641
20 22 4536852.68
21 22 1346165.09
22 22 145500951
23 22 23991225.8
24 22 92382700.9
25 22 138716.563
26 22 -1239853.6
27 22 -313283.075
28 22 -4987927.28
29 22 18140.0193
30 22 -2740589.92
31 22 48187.5243
32 22 -530802.95
33 22 -147269.923
34 22 -565101.3
35 22 -18202.7772
36 22 -294824.599
37 22 15515.6126
38 22 -282824.821
39 22 -104614.338
40 22 -41764.8547
41 22 187.138491
42 22 -1681.91123
43 22 3292.65522
44 22 -291128.407
45 22 -107027.369
46 22 -44082.8616
47 22 5121.43297
48 22 -1100.02883
49 22 4237.88226
50 22 -194607.503
51 22 -73715.1175
52 22 -26671.3264
53 22 3760.79303
54 22 -3818.27149
55 22 12902.9739
56 22 -233062.056
57 22 -91404.2946
58 22 -31691.3184
59 22 628.242936
60 22 -4452.14722
61 22 11419.7114
62 22 -259059.761
63 22 -100512.749
64 22 -34929.4001
65 22 848.187952
66 22 -4188.99274
1 23 119358.312
2 23 -4605.01382
3 23 -8147.76131
4 23 -889.951526
5 23 -12980.854
6 23 -5097.25591
7 23 473023.309
8 23 -142168.584
9 23 -52798.947
10 23 -954594.636
11 23 348292.217
12 23 -212707.414
13 23 5498489.03
14 23 -1622030.16
15 23 2077458.61
16 23 -22676211.5
17 23 -181633405
18 23 -85546049.5
19 23 -4600268.52
20 23 256016.33
21 23 -528715.441
22 23 23991225.8
23 23 186746157
24 23 88873204.7
25 23 1167264.27
26 23 -158899.355
27 23 339255.538
28 23 -28403.7968
29 23 -5379233.83
30 23 -1845670.09
31 23 480350.736
32 23 -39394.3626
33 23 53032.0985
34 23 -6131.75879
35 23 -394441.124
36 23 -105959.631
37 23 323578.609
38 23 -714.444202
39 23 12252.8423
40 23 1922.75836
41 23 -44837.6851
42 23 -16513.51
43 23 358564.043
44 23 14138.0598
45 23 -910.772212
46 23 6900.93254
47 23 -54775.9152
48 23 -18948.7042
49 23 254852.367
50 23 4573.9073
51 23 11626.6337
52 23 4463.83814
53 23 -35785.7533
54 23 -14464.1819
55 23 297699.495
56 23 -2791.63424
57 23 22338.0542
58 23 1603.41679
59 23 -37839.5669
60 23 -16616.621
61 23 340036.537
62 23 3724.61375
63 23 18567.4154
64 23 2376.35573
65 23 -43094.0842
66 23 -18410.8861
1 24 56423.1758
2 24 -52216.7429
3 24 -24282.8663
4 24 -7584.62806
5 24 -5734.67627
6 24 -3852.7823
7 24 1557276.54
8 24 -845953.332
9 24 249955.736
10 24 -3816911.19
11 24 -9212436.64
12 24 -5840535.11
13 24 2737025.23
14 24 -3026854
15 24 179676.96
16 24 -86485779.9
17 24 -78701151.8
18 24 -78611047.2
19 24 -1870938.93
20 24 903029.623
21 24 13870.5359
22 24 92382700.9
23 24 88873204.7
24 24 88722517.9
25 24 464146.013
26 24 -463598.381
27 24 13880.0835
28 24 -2718630.34
29 24 -1830423.71
30 24 -2221320.36
31 24 195022.053
32 24 -79711.8863
33 24 7299.64032
34 24 -260687.874
35 24 -121344.709
36 24 -206350.213
37 24 134860.547
38 24 1877.53146
39 24 8739.92845
40 24 2469.59361
41 24 -15233.2556
42 24 -11483.641
43 24 153737.627
44 24 6256.29125
45 24 5818.76131
46 24 2601.72183
47 24 -18068.2114
48 24 -13086.2965
49 24 107105.605
50 24 -14905.6011
51 24 2684.48333
52 24 -1064.40414
53 24 -12834.7923
54 24 -8652.72101
55 24 125993.982
56 24 -23077.3642
57 24 2761.75442
58 24 -1902.44517
59 24 -14527.7076
60 24 -10403.2223
61 24 140117.427
62 24 -20660.4502
63 24 1453.71889
64 24 -1748.45011
65 24 -16361.3253
66 24 -10755.7542
1 25 -1044370.01
2 25 205932.913
3 25 133596.696
4 25 28589.8641
5 25 105241.108
6 25 45721.5623
7 25 -2737357.9
8 25 86326.4727
9 25 120801.496
10 25 35072.9626
11 25 418263.796
12 25 156924.205
13 25 -3289557.02
14 25 389709.803
15 25 -201442.048
16 25 25921.2976
17 25 471871.149
18 25 162978.595
19 25 -3940162.14
20 25 593794.01
21 25 -364711.012
22 25 138716.563
23 25 1167264.27
24 25 464146.013
25 25 30735741.7
26 25 -2439742.45
27 25 1631770.93
28 25 -279863.221
29 25 -4643165.14
30 25 -1881106.23
31 25 -3328440.72
32 25 410238.717
33 25 -323791.24
34 25 43343.1777
35 25 534553.772
36 25 212273.978
37 25 -2670493.78
38 25 81730.9614
39 25 -193011.275
40 25 -13520.1546
41 25 349705.281
42 25 146795.141
43 25 -3113897.51
44 25 50015.0409
45 25 -193626.203
46 25 -11940.5724
47 25 391643.99
48 25 182948.259
49 25 -2815216.56
50 25 123801.411
51 25 -229523.516
52 25 -9836.21423
53 25 356051.966
54 25 170296.141
55 25 -2930385.25
56 25 176129.6
57 25 -261666.562
58 25 4150.56828
59 25 356369.791
60 25 175451.857
61 25 -3645577.74
62 25 162800.159
63 25 -276859.753
64 25 1290.18965
65 25 438731.516
66 25 216016.785
1 26 -169257.754
2 26 -1327022.75
3 26 -440466.243
4 26 -158059.459
5 26 17611.9839
6 26 12969.3362
7 26 72389.7036
8 26 -2502479.68
9 26 -760309.853
10 26 -533752.522
11 26 -11418.712
12 26 -49514.0099
13 26 447384.674
14 26 -3074170.19
15 26 -851682.354
16 26 -475094.181
17 26 -37498.8888
18 26 -27507.3849
19 26 613987.897
20 26 -3887210.98
21 26 -1002019.63
22 26 -1239853.6
23 26 -158899.355
24 26 -463598.381
25 26 -2439742.45
26 26 26557204.7
27 26 8099357.21
28 26 4593900.71
29 26 257447.82
30 26 925303.413
31 26 467534.428
32 26 -3259613.61
33 26 -896844.711
34 26 -598338.769
35 26 -57996.0996
36 26 -150815.797
37 26 179547.206
38 26 -2171279.73
39 26 -733268.149
40 26 -304783.999
41 26 -63.2760897
42 26 -31921.3135
43 26 171819.708
44 26 -2412436.37
45 26 -859578.795
46 26 -331628.873
47 26 -3867.58856
48 26 -35335.0368
49 26 173948.012
50 26 -2077389.1
51 26 -741302.853
52 26 -278632.286
53 26 4983.82332
54 26 -51112.7347
55 26 228822.393
56 26 -2177504.74
57 26 -785443.883
58 26 -289865.794
59 26 -9985.93025
60 26 -56554.6882
61 26 261984.389
62 26 -2600872.9
63 26 -969911.894
64 26 -347012.569
65 26 -11371.2223
66 26 -59951.7566
1 27 -428530.673
2 27 -531960.831
3 27 -241757.164
4 27 -67419.3996
5 27 41487.3321
6 27 20822.6274
7 27 -171785.278
8 27 -728337.472
9 27 -482599.97
10 27 -142222.931
11 27 41908.169
12 27 5706.50592
13 27 -260499.936
14 27 -859763.159
15 27 -686194.7
16 27 -118428.503
17 27 16588.2295
18 27 5708.86549
19 27 -384804.521
20 27 -1000303.95
21 27 -910700.688
22 27 -313283.075
23 27 339255.538
24 27 13880.0835
25 27 1631770.93
26 27 8099357.21
27 27 5877033.61
28 27 1368852.61
29 27 -528316.701
30 27 22415.4007
31 27 -192419.92
32 27 -874176.625
33 27 -722056.288
34 27 -159098.808
35 27 62867.6719
36 27 -10187.8352
37 27 53526.7566
38 27 -681122.826
39 27 -470040.248
40 27 -97638.9822
41 27 -11373.6719
42 27 -10967.9735
43 27 51246.8231
44 27 -808134.018
45 27 -571307.181
46 27 -120653.475
47 27 -6765.76497
48 27 -12239.7447
49 27 -27880.6577
50 27 -659628.473
51 27 -498153.022
52 27 -98453.0014
53 27 3418.73528
54 27 -10951.8772
55 27 -84460.972
56 27 -686318.631
57 27 -502931.498
58 27 -105054.257
59 27 16397.2285
60 27 -8591.04197
61 27 -94497.5101
62 27 -862866.585
63 27 -611960.587
64 27 -129992.648
65 27 15709.299
66 27 -10283.9386
1 28 -38791.8461
2 28 -159167.089
3 28 -55227.2713
4 28 -20639.6967
5 28 3975.88397
6 28 2395.31402
7 28 29245.3669
8 28 -696062.012
9 28 -217298.252
10 28 -1193139.38
11 28 47709.0422
12 28 -469558.507
13 28 31205.5196
14 28 -477591.462
15 28 -118218.819
16 28 -108092.344
17 28 1040.81446
18 28 10304.8253
19 28 152281.493
20 28 -1286193.37
21 28 -325356.458
22 28 -4987927.28
23 28 -28403.7968
24 28 -2718630.34
25 28 -279863.221
26 28 4593900.71
27 28 1368852.61
28 28 7079649.59
29 28 -31849.5924
30 28 3641364.46
31 28 53712.6304
32 28 -538792.271
33 28 -142841.899
34 28 -605861.994
35 28 -34939.1236
36 28 -322944.464
37 28 12441.8196
38 28 -290303.718
39 28 -98869.7451
40 28 -47022.02
41 28 3999.97967
42 28 -2316.56478
43 28 16396.1617
44 28 -313556.924
45 28 -119609.565
46 28 -46914.7968
47 28 1716.34469
48 28 -4029.20183
49 28 9243.64191
50 28 -259195.181
51 28 -99945.1862
52 28 -37682.3519
53 28 5919.13916
54 28 -6678.2011
55 28 20077.7434
56 28 -269011.52
57 28 -108547.52
58 28 -37956.0885
59 28 145.439062
60 28 -6830.94032
61 28 22548.6163
62 28 -319988.334
63 28 -131996.038
64 28 -44955.8107
65 28 148.884936
66 28 -7241.76438
1 29 110114.026
2 29 -3865.78158
3 29 -5917.4387
4 29 -645.738179
5 29 -11785.6416
6 29 -4600.03296
7 29 462054.632
8 29 -13494.8715
9 29 15072.2976
10 29 11037.3311
11 29 -283227.866
12 29 -81592.5508
13 29 474834.354
14 29 -26280.271
15 29 10630.0991
16 29 3115.29773
17 29 -108631.388
18 29 -14819.5011
19 29 1213711.3
20 29 -156361.89
21 29 357435.45
22 29 18140.0193
23 29 -5379233.83
24 29 -1830423.71
25 29 -4643165.14
26 29 257447.82
27 29 -528316.701
28 29 -31849.5924
29 29 6507060.74
30 29 2140241.19
31 29 490911.367
32 29 -40754.2094
33 29 62229.4865
34 29 -4339.30027
35 29 -462216.992
36 29 -121728.702
37 29 334262.278
38 29 3330.80545
39 29 12627.3716
40 29 5894.19101
41 29 -54420.9792
42 29 -16190.2551
43 29 371593.444
44 29 3380.28182
45 29 16108.7022
46 29 4025.34665
47 29 -53203.8265
48 29 -20437.2266
49 29 333905.392
50 29 1924.03374
51 29 19610.2742
52 29 6832.89873
53 29 -50183.6521
54 29 -20185.5036
55 29 336488.507
56 29 -9676.58066
57 29 31303.6533
58 29 1160.27127
59 29 -43592.8722
60 29 -20001.4847
61 29 412171.77
62 29 -5225.42803
63 29 30733.8703
64 29 1860.33851
65 29 -52700.8303
66 29 -24281.9184
1 30 50751.4329
2 30 -52895.5023
3 30 -23100.7113
4 30 -7595.69138
5 30 -5074.91871
6 30 -3406.59688
7 30 170901.588
8 30 -192777.437
9 30 -60239.9655
10 30 -633120.111
11 30 -46874.4516
12 30 -301996.553
13 30 165861.505
14 30 -33049.8505
15 30 970.86103
16 30 8883.36317
17 30 -14776.7636
18 30 -23365.7562
19 30 486310.581
20 30 -496758.366
21 30 10731.7193
22 30 -2740589.92
23 30 -1845670.09
24 30 -2221320.36
25 30 -1881106.23
26 30 925303.413
27 30 22415.4007
28 30 3641364.46
29 30 2140241.19
30 30 2908395.41
31 30 193783.707
32 30 -95509.8851
33 30 7054.80077
34 30 -285713.512
35 30 -148092.162
36 30 -228230.107
37 30 131803.834
38 30 -7070.46055
39 30 7530.83426
40 30 1736.78868
41 30 -15363.7822
42 30 -12242.8532
43 30 164098.684
44 30 -10007.3384
45 30 6614.11451
46 30 -25.9090133
47 30 -19320.6011
48 30 -14798.4622
49 30 143847.337
50 30 -27634.9687
51 30 3453.41685
52 30 -3002.56054
53 30 -17819.1584
54 30 -12663.7534
55 30 146770.541
56 30 -35109.4099
57 30 2973.49034
58 30 -3942.03972
59 30 -17426.1063
60 30 -13191.6075
61 30 182321.957
62 30 -36709.1521
63 30 1592.74964
64 30 -4299.31693
65 30 -21491.0389
66 30 -15433.9812
1 31 -937364.26
2 31 210666.691
3 31 180369.267
4 31 32877.6435
5 31 98632.134
6 31 40550.7408
7 31 -2762485.81
8 31 23210.1337
9 31 239815.749
10 31 11065.8293
11 31 294474.14
12 31 109839.783
13 31 -3204025.33
14 31 341895.141
15 31 -92875.4639
16 31 32946.0073
17 31 421381.79
18 31 167639.389
19 31 -3358572.55
20 31 416570.588
21 31 -148219.235
22 31 48187.5243
23 31 480350.736
24 31 195022.053
25 31 -3328440.72
26 31 467534.428
27 31 -192419.92
28 31 53712.6304
29 31 490911.367
30 31 193783.707
31 31 32591566.4
32 31 -2145006.47
33 31 1502807.22
34 31 -127952.704
35 31 -4130709.98
36 31 -1707470.74
37 31 -3552593.01
38 31 138178.894
39 31 -155230.437
40 31 -2201.47879
41 31 466374.252
42 31 186937.552
43 31 -3650165.54
44 31 156788.119
45 31 -181510.665
46 31 -9539.02618
47 31 479610.461
48 31 199520.057
49 31 -3210122.48
50 31 114321.789
51 31 -123667.573
52 31 -7198.06874
53 31 419567.348
54 31 179107.232
55 31 -3560399.47
56 31 114950.306
57 31 -123057.944
58 31 -1427.19699
59 31 444601.274
60 31 206145.426
61 31 -4058056.01
62 31 128397.819
63 31 -161790.53
64 31 -557.241558
65 31 496951.047
66 31 235505.335
1 32 -163202.695
2 32 -1301898.04
3 32 -434976.115
4 32 -156845.809
5 32 13106.232
6 32 19255.9021
7 32 -45145.0597
8 32 -2444108.97
9 32 -766382.977
10 32 -376895.245
11 32 1993.11285
12 32 19167.2118
13 32 341022.369
14 32 -2957552.98
15 32 -852312.455
16 32 -419649.546
17 32 -34158.8686
18 32 -28776.2331
19 32 372782.302
20 32 -3265108.61
21 32 -894786.895
22 32 -530802.95
23 32 -39394.3626
24 32 -79711.8863
25 32 410238.717
26 32 -3259613.61
27 32 -874176.625
28 32 -538792.271
29 32 -40754.2094
30 32 -95509.8851
31 32 -2145006.47
32 32 28057196.1
33 32 8745528.43
34 32 3989193.42
35 32 102882.502
36 32 448021.108
37 32 205462.989
38 32 -2987032.41
39 32 -963736.932
40 32 -426349.438
41 32 -7354.20288
42 32 -17780.7701
43 32 230716.304
44 32 -2917167.55
45 32 -964747.248
46 32 -409552.176
47 32 819.468909
48 32 -34426.1297
49 32 130100.791
50 32 -2498025.73
51 32 -818742.63
52 32 -344111.982
53 32 7747.78996
54 32 -29858.785
55 32 143303.951
56 32 -2709902.31
57 32 -933941.227
58 32 -365138.497
59 32 211.638027
60 32 -33107.6994
61 32 198383.586
62 32 -2938615.71
63 32 -1073778.88
64 32 -396320.011
65 32 -5142.88479
66 32 -41196.4662
1 33 -373101.471
2 33 -533918.683
3 33 -242022.037
4 33 -68237.6382
5 33 33561.25
6 33 21875.9718
7 33 -160230.294
8 33 -781112.833
9 33 -451373.975
10 33 -117767.017
11 33 -14146.4571
12 33 2616.24793
13 33 -275299.049
14 33 -887539.247
15 33 -645934.093
16 33 -129721.689
17 33 30377.8901
18 33 9596.26756
19 33 -299083.298
20 33 -920002.12
21 33 -735525.786
22 33 -147269.923
23 33 53032.0985
24 33 7299.64032
25 33 -323791.24
26 33 -896844.711
27 33 -722056.288
28 33 -142841.899
29 33 62229.4865
30 33 7054.80077
31 33 1502807.22
32 33 8745528.43
33 33 6189357.39
34 33 1274533.85
35 33 -165456.239
36 33 25070.2021
37 33 33982.1175
38 33 -919939.64
39 33 -635330.52
40 33 -131953.202
41 33 -15868.6134
42 33 -8201.11984
43 33 -45369.4399
44 33 -944003.546
45 33 -658581.272
46 33 -134969.844
47 33 -3813.4098
48 33 -7195.82841
49 33 -24683.2907
50 33 -752926.595
51 33 -540404.855
52 33 -110476.772
53 33 -3052.19849
54 33 -6968.83029
55 33 -54275.1384
56 33 -841044.889
57 33 -608374.952
58 33 -126565.824
59 33 4796.20605
60 33 -5585.48839
61 33 -118670.729
62 33 -986224.991
63 33 -688760.142
64 33 -147388.904
65 33 13425.5998
66 33 -4824.27769
1 34 -35188.6861
2 34 -161123.85
3 34 -57131.0312
4 34 -21030.5216
5 34 3101.62635
6 34 3181.48277
7 34 363.781003
8 34 -455899.28
9 34 -139944.713
10 34 -328496.407
11 34 3062.45006
12 34 -109292.849
13 34 23378.7186
14 34 -426893.199
15 34 -127801.739
16 34 -75103.7877
17 34 -2754.71557
18 34 2426.32112
19 34 41318.5399
20 34 -591569.399
21 34 -162371.781
22 34 -565101.3
23 34 -6131.75879
24 34 -260687.874
25 34 43343.1777
26 34 -598338.769
27 34 -159098.808
28 34 -605861.994
29 34 -4339.30027
30 34 -285713.512
31 34 -127952.704
32 34 3989193.42
33 34 1274533.85
34 34 1847785.58
35 34 -20597.8746
36 34 750783.626
37 34 16412.0117
38 34 -410495.508
39 34 -131683.65
40 34 -70785.6325
41 34 1772.15172
42 34 2408.53594
43 34 8853.53829
44 34 -391308.037
45 34 -129857.704
46 34 -64503.8076
47 34 7300.14217
48 34 -1212.65198
49 34 1887.12216
50 34 -324030.073
51 34 -110416.022
52 34 -50563.3706
53 34 5446.4359
54 34 -1675.74577
55 34 6392.85647
56 34 -342854.937
57 34 -129175.485
58 34 -49286.6298
59 34 1932.27864
60 34 -3239.4308
61 34 10657.3636
62 34 -370042.498
63 34 -147510.612
64 34 -52686.4014
65 34 1244.98959
66 34 -4216.92478
1 35 102307.76
2 35 -7362.99936
3 35 -13273.3178
4 35 -1450.71985
5 35 -11282.6813
6 35 -4156.52702
7 35 220836.52
8 35 39369.5544
9 35 -71385.9133
10 35 57895.9587
11 35 263807.88
12 35 120141.12
13 35 428435.143
14 35 -27661.1014
15 35 11959.6072
16 35 -2669.03756
17 35 -71229.5012
18 35 -18457.0428
19 35 520258.379
20 35 -48926.1746
21 35 51197.6577
22 35 -18202.7772
23 35 -394441.124
24 35 -121344.709
25 35 534553.772
26 35 -57996.0996
27 35 62867.6719
28 35 -34939.1236
29 35 -462216.992
30 35 -148092.162
31 35 -4130709.98
32 35 102882.502
33 35 -165456.239
34 35 -20597.8746
35 35 1010799.36
36 35 282174.441
37 35 450742.077
38 35 -5399.52988
39 35 1935.4463
40 35 3000.84138
41 35 -74721.1775
42 35 -19550.1999
43 35 456039.449
44 35 3277.86061
45 35 6042.69491
46 35 8501.81822
47 35 -76335.3945
48 35 -21789.4815
49 35 397270.173
50 35 3837.69087
51 35 3426.83261
52 35 5593.49079
53 35 -61948.2107
54 35 -20520.5956
55 35 423817.485
56 35 808.945729
57 35 9410.37337
58 35 2430.39457
59 35 -57348.4763
60 35 -23601.595
61 35 470822.669
62 35 1871.54975
63 35 15164.553
64 35 2404.33615
65 35 -61451.1499
66 35 -26570.9866
1 36 46958.5156
2 36 -51573.0067
3 36 -24663.1831
4 36 -7727.93265
5 36 -4826.59558
6 36 -3193.59472
7 36 105600.2
8 36 -59803.1559
9 36 -43155.7392
10 36 -148920.27
11 36 71355.0103
12 36 -45373.1299
13 36 178155.718
14 36 -48106.7169
15 36 -4323.11772
16 36 -1359.87431
17 36 -19459.9089
18 36 -19653.5285
19 36 214932.561
20 36 -135758.437
21 36 -11444.2879
22 36 -294824.599
23 36 -105959.631
24 36 -206350.213
